0.0 0.0 0.0
0.0 0.0 0.0
0.0 0.0 0.0
-0.151797193631 0.00253565887899 0.00254136180429
0.695611171295 0.010379393236 0.00990720024122
10.9131352872 0.0273556976618 0.0252034340296
0.0871448438951 0.00195455691484 0.00196449731981
-0.423180087577 0.00904145187994 0.00815527336416
11.1117886469 0.022584418282 0.0226885735215
-0.239374901451 0.00174199974427 0.00168485570903
0.929002317522 0.00603047228033 0.00600364017335
6.46345963283 0.040643946666 0.0370165733038
0.45381383111 0.00163812730817 0.0017718664142
-1.87203277883 0.00724929971656 0.00713665056182
11.847329595 0.00431758857115 0.00428423979553
0.0 0.0 0.0
0.0 0.0 0.0
0.0 0.0 0.0
0.117004295562 0.0018135690028 0.0018042950229
-0.234259988265 0.00420554921251 0.00421674205298
12.2592619235 0.0275258694361 0.0255056939438
-0.00482481859651 0.00129488448438 0.00126061011797
0.772324963257 0.00732698105055 0.00703697113438
10.5480292355 0.0309763573399 0.0287928921358
-0.0610889828135 0.00201771581626 0.00205478135197
0.166254980434 0.00364384197157 0.00327788140314
11.7315306643 0.0290796987092 0.0255866739076
0.160502012349 0.0139163198115 0.0133429869083
-1.40154208455 0.0331560495622 0.037303640771
12.6212026842 0.0187091589959 0.015604824145
-0.197611079879 0.00498331722733 0.00487095301722
0.362344301094 0.00777239571428 0.00671420130034
10.6223949296 0.0684826444313 0.048035354903
-0.00820654305572 0.00152250515885 0.00148558239864
-0.32669613397 0.00890202653241 0.00871833018314
10.3605435162 0.0325667072408 0.0331124618
0.0 0.0 0.0
0.0 0.0 0.0
0.0 0.0 0.0
-0.157593152884 0.00363787619723 0.00365791357826
0.263196258834 0.0147753746588 0.0157396388318
-0.0952930745872 0.00253660291388 0.00244521954516
0.249073441811 0.00732853100341 0.0075808302727
-0.0695222646541 0.00367813817959 0.00376044252102
0.165385645806 0.0185459727375 0.0200386839297
-0.15627986692 0.00580991223862 0.00613284795305
0.128934945437 0.00896649959236 0.00814264147113
-0.115307270075 0.00447685069283 0.00492812098198
0.138627202455 0.00704832718705 0.00522750347258
-0.0887097009897 0.0030902091484 0.00330185126122
0.377168172589 0.0184497720519 0.0192759305604
-0.0913240855888 0.00279110453176 0.00272946480261
0.183293756003 0.00862418540391 0.0101166689897
-0.0884051314317 0.00457283147344 0.0044690305137
0.235774470565 0.00792162571186 0.00664232558635
-0.134471753666 0.00500036146271 0.00510679105533
0.237935193411 0.0119709921238 0.0126870746426
-0.108156889275 0.00392463403658 0.00424555269726
0.277517668756 0.008330132055 0.00915368702816
-0.0758958635677 0.00292189105581 0.00267334872505
0.446441089797 0.0101562965203 0.0104797459406
-0.0923208942861 0.00209539399597 0.00200876665839
0.0989878856323 0.0036037347543 0.0033421580546
-0.0630859467399 0.00311079556647 0.00307800308365
0.221056705709 0.0115022446616 0.0119607246978
-0.189155543647 0.00491991515227 0.00463420192218
0.188705699837 0.00609905566517 0.00613376881745
-0.113694352425 0.00398482600542 0.00326758609972
0.299899870069 0.0153097370779 0.0162652908086
-0.0667794934629 0.00258458001723 0.00255725317646
0.294028282041 0.0104111211632 0.0109973047127
-0.0643637445408 0.00202394315432 0.00183047060698
0.350842985507 0.0158899516479 0.0158864186363
-0.0610863189847 0.00241985014527 0.00223527212359
0.279981717218 0.00837413261408 0.00837625734399
-0.0852454205447 0.00288032753312 0.00360804717162
0.0423588733434 0.00508377400351 0.00669653073888
-0.0900522709836 0.0026119664461 0.00261760431817
0.19034568323 0.0121681498828 0.0109866497877
-0.090230146683 0.00734076363045 0.00568659694373
0.368002518504 0.0110291372117 0.00991658100746
-0.0753907439868 0.00203163677583 0.0019094185003
0.135598187757 0.00458836807131 0.00438546526337
-0.142626295522 0.00446798179711 0.00467535939142
0.271163307042 0.00953934695617 0.0094048494368
-0.0882140335266 0.00259729636134 0.00260633670996
0.139200373932 0.0119120431712 0.0114116970411
-0.207894767259 0.00729938536699 0.00834531813912
0.30418558022 0.00937579831247 0.00899317403457
-0.0666882685667 0.00193881108448 0.00185899016788
0.184067262428 0.00886582067136 0.00700127680984
-0.101871137354 0.00220720069079 0.00224985121754
0.244259259524 0.0100967884226 0.0105864632499
-0.143513372891 0.0051642301668 0.00451254505846
0.398588310695 0.0109863358023 0.00942841323584
-0.0169617922897 0.00168108890257 0.00171989283681
0.166987298219 0.00487497337007 0.00496221166633
-0.0216946660642 0.0032094892955 0.00185720623344
0.313226745651 0.0124092889568 0.0118370848179
-0.232587624647 0.00619495966793 0.00612807028182
0.342665955264 0.0134688405752 0.0155166484168
-0.00377433437253 0.000147801045712 0.000155431410428
0.172187227168 0.00795385385946 0.00810160706998
-0.0690250701245 0.00349874641964 0.00510816068812
0.42536792787 0.0121583992855 0.0133210388594
-0.0471437872623 0.000942204199951 0.000970116672374
0.0914924511061 0.0039282934147 0.00403781934365
-0.0972646376726 0.00278608073651 0.00281718568231
0.224651962011 0.00665485426938 0.00639193536647
-0.146820576227 0.00304867177864 0.00296251090914
0.303790745223 0.00908920095065 0.00911178660698
-0.208505006676 0.00634024438549 0.00516617031012
0.342256401002 0.00598236441748 0.00571754897725
-0.00858779545132 0.000248848988646 0.000249994892113
0.2203841919 0.00584371704876 0.00632655808919
0.0194144064388 0.000688970804137 0.000716465516859
0.118044482892 0.00398810071121 0.00396116999876
0.0573773319042 0.00219865614594 0.00240527241089
0.169359914349 0.00386682545243 0.00367436799541
-0.0809917553018 0.00168538313756 0.00166376285512
0.321671128246 0.00426629529058 0.0043966282237
-0.0239157172492 0.00122086296401 0.00114767475172
0.228979664796 0.00373576440831 0.00416195242687
-0.0342891150066 0.00180308442934 0.00143813898666
0.33009225239 0.00987677334491 0.0087124528565
-0.132549651596 0.00312687793689 0.00308044098021
0.100673390184 0.00624659907585 0.00591101665443
0.0561908261395 0.00176421506341 0.00155207671953
0.0121585803545 0.000507167184845 0.000495842569196
-0.107468057475 0.0034772998991 0.00333071336202
0.190098233992 0.00803546668856 0.00804383380787
0.129874715377 0.00458734010951 0.00469531218581
0.028665880441 0.000799670042819 0.000752376199141
0.0155480699895 0.000311065191877 0.000345012350745
0.141589885304 0.00405045943594 0.00447398042901
0.0064304424005 0.000482798952147 0.00040718403153
0.118848098939 0.00220207137032 0.00209868009346
0.141932998121 0.00421503020572 0.00356563963462
0.0552793303699 0.00434276723327 0.00393553890381
-0.07406835374 0.00130267797009 0.00134179822743
0.0646024743664 0.00409649929425 0.00379503847374
-0.101841410036 0.00272658341624 0.00261745679227
0.228906553833 0.0063685901374 0.00628105451262
-0.155315423171 0.0026530574062 0.00286862271619
0.222657344473 0.00400455679329 0.00389427514907
0.150569008901 0.00380438637112 0.00391782544073
0.560220893575 0.00640524178626 0.00770881371009
-0.0459105383631 0.00138613083274 0.00135210011347
0.0246170349966 0.00321530734136 0.00362865311883
0.157992162282 0.00357192458148 0.00373052482167
-0.0170440710883 0.000401211780125 0.000420289080551
-0.0629364670056 0.00185958013591 0.00184370195483
0.127023837663 0.00262516715559 0.00267420407349
0.194766978765 0.00399459194328 0.00404961515644
-0.118441212266 0.00303433402685 0.00290419749342
0.238454478215 0.00370486716402 0.00368412358408
1.29717149871 0.00587176717998 0.00590029191585
-0.114205789409 0.0023137599381 0.00235057794506
0.189591903818 0.00503302415009 0.00634006441241
0.092698882024 0.00245415142294 0.00248268988173
-0.00852150339773 0.0010018292247 0.000654614454
-0.026795134856 0.00153743132277 0.00127780815363
0.164737121468 0.00325262636731 0.00323569466931
-0.14269258258 0.00379362007387 0.00374108215893
0.33499803038 0.00371389163756 0.003642820302
0.0384484017229 0.00094499072183 0.000928351076707
0.0148665915466 0.00376426220108 0.00506967107713
-0.0893474204388 0.00382444053271 0.00335131683346
0.302506916337 0.00428408581714 0.00438522160651
-0.0361669426248 0.00277654371712 0.00280370539879
0.199438376435 0.00401402632914 0.00399781601659
-0.0932646775448 0.00299236843634 0.00352661315157
0.310373175959 0.00435909563899 0.00417516294041
-0.0032096893454 0.000169842880688 0.000197326650697
0.158863029327 0.00911841137321 0.00774139695838
-0.0697742847386 0.00229644003558 0.00249822517087
0.32729025573 0.00501112972686 0.00498207627945
0.0571099301353 0.00139386907438 0.00145672220363
0.211564621662 0.00361798314562 0.00367204313521
0.0150205508071 0.000878411287518 0.000857720170235
0.162686547398 0.0044139195455 0.00438886608607
0.109285235864 0.00241574592407 0.00254886846658
0.103299886802 0.00361396734393 0.00359110313
0.0211420851402 0.000656647282292 0.000645590374911
0.0844304681058 0.00381983340843 0.00410655757542
0.127085202291 0.00570661596926 0.00563845212751
0.183101138513 0.00351826725882 0.00360059786232
-0.0406047488813 0.00130330143753 0.00134077209423
0.279359492231 0.0072270416017 0.00681354690401
-0.0585978683107 0.0022329330353 0.00200851244156
0.395897248448 0.00756704181152 0.00744495720839
-0.19567441846 0.00650758808248 0.00626653277507
0.529417580909 0.012413212766 0.0123849661121
-0.0425117542565 0.00182789219893 0.00178513375828
0.220762070187 0.00760330739444 0.00804117973236
-0.386968653704 0.00936503599724 0.00946483149314
-0.607797158656 0.0120922246287 0.0119812285417
-0.0837100018477 0.00487560755675 0.00522791708319
0.334192232402 0.0125245442104 0.0149731500931
-0.00154583729645 5.50013483843e-05 5.05903404877e-05
0.150712186362 0.00425462316797 0.00448011852843
-0.0335118657022 0.00134018078048 0.0013227646022
0.367331536941 0.0110700914621 0.0115409121945
-0.0818958899011 0.00259964877938 0.00271982711713
0.197511327946 0.00523873042041 0.00567360040906
-0.000942290442569 2.83157389629e-05 2.8736480648e-05
0.244447824595 0.00724238821632 0.00709512373228
-0.106056986479 0.00567911020901 0.00546321786787
0.318250118886 0.00754962330663 0.00662927194351
0.0238392673045 0.00110158503776 0.00133798291029
0.0755483274809 0.0026836381482 0.0029518554675
-0.603805129268 0.0051746197776 0.00478635882744
-0.482736510285 0.00694561280365 0.00727137555107
-0.0137670990976 0.000292305794317 0.000278901673274
0.127516128963 0.00345748266971 0.00342952601961
-0.123870015231 0.00330812730625 0.0032361205841
-0.716213302034 0.00584043155516 0.00589461758486
-0.0328994100986 0.000931459444811 0.000909467915642
-0.864011393976 0.00542252838002 0.00551644469647
-0.253546623471 0.00315048536381 0.00339007943313
-0.627511696164 0.005363494869 0.00557230261938
-0.0313830030943 0.00106542877627 0.00107604483736
-0.838882464308 0.00589989523198 0.0057566605642
-0.00284910030195 0.000256550883761 0.000270565188193
-0.893648685979 0.00588176546039 0.00580102042588
-0.122173683149 0.00203704948346 0.00213526415064
-0.853004443903 0.00587259930004 0.00544766493724
-0.150583125311 0.00268901457636 0.00279308859933
-0.834099836206 0.00542560678931 0.00593538434069
-0.131626161968 0.00240864761747 0.00236354482157
-0.86805744602 0.00553860078497 0.00588872139183
0.0160069548295 0.000327203704155 0.000305260816882
-0.994790480181 0.00532358892484 0.00511584446196
0.232076210154 0.00633376438436 0.0070525210789
-1.28508680573 0.0132005714163 0.0141472553183
-0.390115286331 0.00804426120243 0.00740602867035
-1.97073717837 0.0158272156622 0.0157028228526
0.0512842650429 0.00148260070482 0.00152109974278
-1.1279693197 0.00757264558241 0.00744251707477
0.0146701285398 0.00108934816194 0.00106353764674
-1.10420533192 0.00749502238892 0.00767161618209
0.501661294308 0.00468829576285 0.00439306554976
-0.281705081864 0.00646379664826 0.00639123308623
0.0286117643625 0.000823781762828 0.000788110126112
-1.21111989263 0.00999943118036 0.00997447697851