103952 -1.1230e-04 6.6537e-06 2.6015e-04 1.3576e-05 0.0350 0.0007  C H
104152 -8.7034e-05 6.5750e-06 2.4519e-04 1.3361e-05 0.0364 0.0007  C H
104352 -9.0800e-05 6.0196e-06 3.0784e-04 1.1905e-05 0.0408 0.0007  C H
104552 -1.1579e-04 5.4127e-06 2.9400e-04 1.0646e-05 0.0479 0.0007  C H
104752 -9.9539e-05 4.4445e-06 2.3729e-04 8.6779e-06 0.0590 0.0007  C H
104952 -1.1516e-04 3.7639e-06 3.2619e-04 7.2828e-06 0.0708 0.0007  C H
105152 -9.8714e-05 3.1795e-06 1.9856e-04 6.0907e-06 0.0857 0.0007  C H
105522 -8.5970e-05 2.5072e-06 1.4967e-04 4.7193e-06 0.1088 0.0007  C H
105722 -1.1348e-04 2.2336e-06 2.5781e-04 4.1434e-06 0.1199 0.0007  C H
105922 -9.6245e-05 2.1376e-06 2.2303e-04 3.9344e-06 0.1283 0.0007  C H
110122 -6.7704e-05 5.3482e-06 2.2328e-04 1.6238e-05 0.1095 0.0125  C L
110122 -1.0931e-04 1.8978e-05 1.8213e-06 5.7659e-05 0.0309 0.0125 S5 L
110322 -6.9908e-05 7.5164e-06 2.2208e-04 2.2163e-05 0.1003 0.0206  C L
110322 -1.1127e-04 1.6947e-05 4.6374e-05 4.9849e-05 0.0445 0.0206 S5 L
110522 -8.9093e-05 5.0159e-06 2.8978e-04 2.0855e-05 0.1119 0.0174  C L
110522 -1.0914e-04 1.4437e-05 6.2412e-05 6.0023e-05 0.0389 0.0174 S5 L
110722 -1.0806e-04 2.9467e-06 2.4474e-04 1.2931e-05 0.1346 0.0078  C M
110722 -9.4487e-05 1.6199e-05 -1.1702e-04 7.1258e-05 0.0245 0.0078 S5 M
110922 -7.2065e-05 6.4150e-06 2.8834e-04 2.1477e-05 0.1036 0.0187  C H
110922 -1.0374e-04 9.1785e-06 8.6055e-05 3.2671e-05 0.0699 0.0186 S5 H
110922 -1.2879e-03 3.8111e-05 4.5756e-03 6.8766e-05 0.0074 0.0007 N1 L
111122 -1.0236e-04 5.9699e-06 3.1239e-04 1.9669e-05 0.1053 0.0161  C H
111122 -1.3210e-04 6.9754e-06 9.5690e-05 2.5361e-05 0.0866 0.0161 S5 H
111122 -1.2756e-03 3.7831e-05 4.6719e-03 6.8902e-05 0.0077 0.0007 N1 H
111452 -8.6801e-05 6.2490e-06 3.0593e-04 1.6847e-05 0.0960 0.0112  C H
111452 -1.2730e-04 4.5305e-06 7.8857e-05 1.3775e-05 0.1266 0.0111 S5 H
111452 -1.3521e-03 2.0155e-05 4.7766e-03 3.6509e-05 0.0146 0.0007 N1 H
111652 -8.9668e-05 4.7243e-06 3.2149e-04 1.6261e-05 0.0997 0.0098  C H
111652 -1.1025e-04 3.2720e-06 5.0446e-05 1.2271e-05 0.1396 0.0098 S5 H
111652 -1.3437e-03 1.5819e-05 4.7821e-03 2.8644e-05 0.0172 0.0007 N1 H
111852 -7.8850e-05 3.6970e-06 2.4756e-04 1.3946e-05 0.1177 0.0091  C H
111852 -9.1577e-05 3.2449e-06 -4.2281e-05 1.2265e-05 0.1342 0.0091 S5 H
111852 -1.3306e-03 1.2983e-05 4.7744e-03 2.3017e-05 0.0210 0.0007 N1 H
112052 -8.0704e-05 3.3223e-06 2.0454e-04 1.2786e-05 0.1284 0.0087  C H
112052 -9.0720e-05 3.1176e-06 -9.9862e-05 1.1557e-05 0.1402 0.0087 S5 H
112052 -1.3318e-03 1.1277e-05 4.7820e-03 1.9349e-05 0.0252 0.0007 N1 H
112252 -1.0605e-04 2.1205e-06 2.1776e-04 6.4771e-06 0.1804 0.0052  C H
112252 -1.2417e-04 4.0315e-06 -1.1688e-04 1.1943e-05 0.1005 0.0052 S5 H
112252 -1.3157e-03 1.0128e-05 4.8923e-03 1.6531e-05 0.0286 0.0007 N1 H
112452 -9.1072e-05 2.1971e-06 1.8624e-04 6.4009e-06 0.1713 0.0044  C H
112452 -1.0699e-04 3.5407e-06 -1.6540e-04 9.7969e-06 0.1133 0.0044 S5 H
112452 -1.3135e-03 9.6136e-06 4.9079e-03 1.5410e-05 0.0311 0.0007 N1 H
112652 -1.0810e-04 2.0086e-06 2.0138e-04 5.4074e-06 0.1779 0.0032  C H
112652 -1.3090e-04 3.7058e-06 -1.7801e-04 8.8744e-06 0.1042 0.0032 S5 H
112652 -1.3348e-03 9.3178e-06 4.9595e-03 1.4655e-05 0.0328 0.0007 N1 H
112852 -7.9287e-05 2.0385e-06 2.3536e-04 5.7194e-06 0.1649 0.0028  C H
112852 -8.8883e-05 3.3824e-06 -1.8733e-04 8.0947e-06 0.1081 0.0028 S5 H
112852 -1.2638e-03 9.3113e-06 4.9585e-03 1.4316e-05 0.0331 0.0007 N1 H
113052 -1.4957e-04 2.2044e-06 3.1192e-04 6.3395e-06 0.1523 0.0027  C H
113052 -1.4518e-04 3.3441e-06 -1.4044e-04 8.1855e-06 0.1086 0.0028 S5 H
113052 -1.3423e-03 9.5066e-06 5.0514e-03 1.4257e-05 0.0333 0.0007 N1 H
113422 -8.4153e-05 1.6933e-06 2.7635e-04 5.3140e-06 0.1358 0.0022  C H
113422 -1.0197e-04 2.1904e-06 -1.6472e-04 6.4039e-06 0.1070 0.0022 S5 H
113422 -1.3001e-03 5.1795e-06 5.0391e-03 9.0911e-06 0.0363 0.0006 N1 H
113622 -1.1070e-04 2.2439e-06 -1.8356e-04 6.7147e-06 0.1065 0.0022 S5 H
113622 -1.3121e-03 5.4401e-06 5.0362e-03 9.3964e-06 0.0357 0.0006 N1 H
113622 -1.0361e-04 1.8415e-06 2.7365e-04 5.7525e-06 0.1282 0.0022  C H
113822 -1.5015e-04 1.8236e-06 4.4155e-04 5.5706e-06 0.1290 0.0021  C H
113822 -1.5270e-04 2.4468e-06 -2.3074e-05 7.2696e-06 0.0971 0.0021 S5 H
113822 -1.3520e-03 5.5590e-06 5.2041e-03 9.5293e-06 0.0351 0.0006 N1 H
114022 -4.2521e-05 1.7310e-06 1.7578e-04 4.9954e-06 0.1379 0.0020  C M
114022 -4.9704e-05 2.8986e-06 -2.8661e-04 8.1789e-06 0.0831 0.0020 S5 H
114022 -1.2786e-03 6.0499e-06 4.9851e-03 1.0233e-05 0.0328 0.0006 N1 H
114222 -2.8394e-05 1.6685e-06 2.5482e-04 5.1235e-06 0.1445 0.0022  C M
114222 -1.9792e-05 3.1614e-06 -2.0567e-04 9.5706e-06 0.0763 0.0022 S5 H
114222 -1.2599e-03 6.5351e-06 5.0838e-03 1.0859e-05 0.0303 0.0006 N1 H
114422 -1.9159e-04 1.5212e-06 3.9643e-04 4.6271e-06 0.1593 0.0023  C M
114422 -1.8403e-04 3.6608e-06 -5.6793e-05 1.1041e-05 0.0660 0.0023 S5 H
114422 -1.4477e-03 6.9714e-06 5.2644e-03 1.1491e-05 0.0285 0.0006 N1 H
114622 -5.2159e-06 1.5279e-06 1.5599e-04 5.0477e-06 0.1711 0.0030  C M
114622 6.6262e-06 3.9601e-06 -2.6294e-04 1.2954e-05 0.0659 0.0030 S5 H
114622 -1.2962e-03 7.4138e-06 5.0590e-03 1.2054e-05 0.0274 0.0006 N1 H
114822 -1.2335e-04 1.4888e-06 3.3661e-04 5.4903e-06 0.1887 0.0042  C M
114822 -1.0821e-04 4.1197e-06 -4.5320e-05 1.5091e-05 0.0678 0.0042 S5 B
114822 -1.4320e-03 7.8867e-06 5.2934e-03 1.2729e-05 0.0259 0.0006 N1 H
115022 -3.4601e-05 9.1078e-07 1.3477e-04 1.8857e-06 0.2497 0.0010  C B
115022 -1.2825e-03 8.4743e-06 5.2876e-03 1.3084e-05 0.0251 0.0006 N1 H
115022 -5.7755e-05 7.6986e-06 -4.1059e-04 1.6043e-05 0.0294 0.0010 S5 B
115352 -1.0515e-04 1.0362e-06 2.6483e-04 2.5637e-06 0.2712 0.0026  C B
115352 -1.3747e-03 8.3614e-06 5.4603e-03 1.2766e-05 0.0255 0.0006 N1 H
115352 -1.4000e-04 5.1316e-06 -9.6632e-05 1.2767e-05 0.0543 0.0026  S B
115552 -1.1303e-04 1.1402e-06 2.1312e-04 3.2927e-06 0.2768 0.0043  C B
115552 -1.3876e-03 8.7761e-06 5.4011e-03 1.3301e-05 0.0248 0.0006 N1 H
115552 -1.3505e-04 3.7134e-06 -1.0611e-04 1.0751e-05 0.0846 0.0043  S B
115752 -9.2289e-05 4.2856e-06 -3.7545e-05 1.8938e-05 0.1007 0.0104  S B
115752 -1.4245e-03 8.6575e-06 5.4914e-03 1.2931e-05 0.0242 0.0005 N1 H
115752 -1.3958e-04 1.5462e-06 2.8723e-04 6.9742e-06 0.2735 0.0104  C B
115952 -9.5416e-06 1.3992e-06 1.3590e-04 5.2638e-06 0.2420 0.0067  C B
115952 -7.3043e-07 1.6740e-06 -1.7643e-04 6.2071e-06 0.2040 0.0067  S B
115952 -1.3096e-03 8.7522e-06 5.3535e-03 1.3041e-05 0.0255 0.0006 N1 H
120152 5.2694e-05 1.1257e-06 -2.0586e-04 4.1174e-06 0.2884 0.0054  S B
120152 1.8673e-05 1.4972e-06 1.5783e-04 5.5948e-06 0.2134 0.0054  C B
120152 -1.2778e-03 7.9671e-06 5.3446e-03 1.1902e-05 0.0274 0.0006 N1 H
120352 6.9755e-05 1.7620e-06 1.6508e-04 5.9653e-06 0.1776 0.0039  C B
120352 1.2514e-04 8.4719e-07 -2.6400e-04 2.8617e-06 0.3707 0.0039  S B
120352 -1.2061e-03 8.3364e-06 5.3385e-03 1.2467e-05 0.0273 0.0006 N1 H
120552 3.5273e-06 6.9523e-07 -1.0163e-04 2.1251e-06 0.4254 0.0027  S B
120552 -8.0293e-05 1.7779e-06 3.9841e-04 5.3767e-06 0.1672 0.0027  C B
120552 -1.3604e-03 8.0482e-06 5.5587e-03 1.1875e-05 0.0280 0.0006 N1 H
120752 7.3522e-05 6.4241e-07 -2.1048e-04 1.8024e-06 0.4610 0.0021  S B
120752 -3.7846e-05 1.8288e-06 3.4991e-04 5.0347e-06 0.1635 0.0021  C B
120752 -1.3284e-03 8.2483e-06 5.5156e-03 1.1983e-05 0.0281 0.0006 N1 H
120952 6.8010e-05 1.5569e-06 -2.7890e-04 7.1933e-06 0.3673 0.0124  S M
120952 -2.3594e-05 4.0197e-06 1.5939e-04 1.7031e-05 0.2535 0.0104  C M
120952 -1.3811e-03 8.3528e-06 5.6118e-03 1.1781e-05 0.0284 0.0006 N1 H
120952 -1.5138e-04 7.6713e-06 9.0938e-04 2.3433e-05 0.0370 0.0023  N H
121812 -1.0045e-06 1.8274e-06 -3.8506e-04 7.0983e-06 0.3178 0.0045  S L
121812 -1.4221e-04 1.9044e-06 2.1027e-04 7.3618e-06 0.3078 0.0045  C H
121812 -3.3023e-04 4.7942e-06 1.1297e-03 1.0482e-05 0.0582 0.0010  N H
121812 -1.6150e-03 8.1236e-06 5.7781e-03 1.0844e-05 0.0293 0.0006 N1 H
121812 1.8246e-04 2.5523e-05 -1.3013e-03 5.5217e-05 0.0110 0.0010 S1 L
122013 1.9838e-04 1.8989e-06 -6.2943e-04 7.0759e-06 0.2877 0.0029  S H
122013 4.2688e-05 1.5801e-06 1.0825e-05 5.7461e-06 0.3148 0.0033  C H
122013 -1.5979e-04 4.5764e-06 9.6854e-04 8.9942e-06 0.0616 0.0009  N H
122013 -1.4515e-03 8.6101e-06 5.6121e-03 1.1224e-05 0.0285 0.0006 N1 H
122013 3.7273e-04 2.4542e-05 -1.4810e-03 5.5336e-05 0.0119 0.0012 S1 L
122213 4.7208e-05 4.2500e-06 -4.8385e-04 1.5863e-05 0.2567 0.0017  S H
122213 -1.1187e-04 1.8134e-06 1.7428e-04 7.1033e-06 0.3070 0.0049  C H
122213 -3.4080e-04 4.3010e-06 1.1848e-03 8.5508e-06 0.0654 0.0008  N H
122213 -1.6340e-03 9.2844e-06 5.8118e-03 1.2052e-05 0.0265 0.0006 N1 H
122213 2.0931e-04 1.9178e-05 -1.1310e-03 6.7228e-05 0.0236 0.0049 S1 L
122413 8.3225e-05 2.7764e-06 4.8529e-05 1.0903e-05 0.2799 0.0084  C H
122413 2.4576e-04 9.0671e-06 -5.8941e-04 3.3746e-05 0.2225 0.0047  S H
122413 -1.4561e-04 4.1847e-06 1.0849e-03 8.2656e-06 0.0680 0.0009  N H
122413 -1.4687e-03 9.8272e-06 5.6548e-03 1.2485e-05 0.0255 0.0006 N1 H
122413 3.7603e-04 1.2840e-05 -1.1113e-03 5.1830e-05 0.0567 0.0128 S1 M
122613 1.3467e-05 4.4245e-06 1.3100e-04 1.5988e-05 0.2409 0.0121  C H
122613 1.7700e-04 1.1198e-05 -4.5988e-04 4.0536e-05 0.2064 0.0031  S H
122613 -2.2674e-04 3.9901e-06 1.2094e-03 7.5359e-06 0.0722 0.0009  N H
122613 -1.5716e-03 1.0986e-05 5.7390e-03 1.3712e-05 0.0232 0.0006 N1 H
122613 3.0841e-04 6.3057e-06 -1.0056e-03 2.7467e-05 0.0960 0.0115 S1 H
122813 1.8726e-05 6.1101e-06 8.2690e-05 1.9682e-05 0.2002 0.0123  C H
122813 1.9872e-04 1.0299e-05 -4.9884e-04 3.4419e-05 0.2058 0.0062  S H
122813 -2.1045e-04 3.9832e-06 1.1661e-03 6.8658e-06 0.0737 0.0008  N H
122813 -1.5515e-03 1.1767e-05 5.6406e-03 1.4612e-05 0.0222 0.0006 N1 H
122813 3.3897e-04 3.4152e-06 -1.1063e-03 1.4419e-05 0.1226 0.0071 S1 H
123013 9.7943e-05 2.7938e-06 4.8742e-05 9.1343e-06 0.1678 0.0038  C H
123013 2.7168e-04 3.5986e-06 -5.8524e-04 1.2028e-05 0.2157 0.0020  S H
123013 -1.2929e-04 3.8984e-06 1.1319e-03 5.5850e-06 0.0752 0.0006  N H
123013 4.3437e-04 2.6328e-06 -1.2810e-03 7.1201e-06 0.1302 0.0025 S1 H
123013 -1.4804e-03 1.2667e-05 5.6232e-03 1.5393e-05 0.0204 0.0006 N1 H
123213 -7.1983e-05 2.6844e-06 1.8007e-04 7.7813e-06 0.1488 0.0026  C H
123213 1.1799e-04 3.0910e-06 -4.8542e-04 9.4719e-06 0.1927 0.0015  S H
123213 -2.9735e-04 3.9718e-06 1.2821e-03 5.1599e-06 0.0754 0.0006  N H
123213 2.8823e-04 2.4107e-06 -1.2199e-03 5.2387e-06 0.1352 0.0016 S1 H
123213 -1.6587e-03 1.3105e-05 5.7779e-03 1.5504e-05 0.0201 0.0006 N1 H
123413 6.2412e-05 2.5672e-06 -3.5275e-04 7.1838e-06 0.1836 0.0012  S H
123413 2.6373e-04 2.2445e-06 -1.1535e-03 4.1375e-06 0.1419 0.0011 S1 H
123413 -1.3661e-04 2.7492e-06 3.5007e-04 7.1731e-06 0.1278 0.0017  C H
123413 -3.4824e-04 3.9875e-06 1.4302e-03 4.9586e-06 0.0758 0.0006  N H
123413 -1.6636e-03 1.4291e-05 5.9169e-03 1.6947e-05 0.0185 0.0006 N1 M
123743 2.0232e-04 2.3714e-06 -1.2504e-03 3.6334e-06 0.1382 0.0009 S1 H
123743 -1.6321e-05 2.9935e-06 -3.9373e-04 7.4665e-06 0.1412 0.0011  S H
123743 -2.2917e-04 3.1069e-06 3.2678e-04 6.9324e-06 0.1137 0.0014  C H
123743 -4.2966e-04 4.5842e-06 1.4328e-03 5.1154e-06 0.0695 0.0006  N H
123743 -1.7308e-03 2.0929e-05 5.8843e-03 2.3703e-05 0.0133 0.0006 N1 M
123943 3.3826e-04 3.5622e-06 -9.6422e-05 8.7921e-06 0.1146 0.0011  S H
123943 1.4040e-04 3.2016e-06 6.1835e-04 6.6581e-06 0.1111 0.0014  C H
123943 5.7166e-04 2.5592e-06 -9.7102e-04 3.8431e-06 0.1341 0.0009 S1 H
123943 -8.9842e-05 5.1358e-06 1.7688e-03 5.5763e-06 0.0649 0.0006  N H
123943 -1.4304e-03 2.2047e-05 6.2680e-03 2.4874e-05 0.0130 0.0006 N1 M
124143 -7.0234e-05 3.5516e-06 1.2491e-04 7.3618e-06 0.1068 0.0015  C H
124143 3.6173e-04 2.6517e-06 -1.4806e-03 3.8717e-06 0.1344 0.0009 S1 H
124143 -3.1303e-04 5.2576e-06 1.3085e-03 5.6353e-06 0.0660 0.0006  N H
124143 1.2738e-04 4.6673e-06 -5.8344e-04 1.1361e-05 0.0911 0.0013  S H
124143 -1.7204e-03 2.3207e-05 5.8384e-03 2.5798e-05 0.0129 0.0006 N1 M
124341 5.7113e-04 2.5864e-06 -1.6484e-03 3.4860e-06 0.1374 0.0008 S1 H
124341 1.3951e-04 3.8056e-06 -1.3003e-05 7.5350e-06 0.1019 0.0014  C H
124341 -1.1837e-04 5.3477e-06 1.2186e-03 5.6015e-06 0.0654 0.0006  N H
124341 3.4687e-04 5.8843e-06 -7.2822e-04 1.3411e-05 0.0710 0.0013  S H
124341 -1.5519e-03 2.5484e-05 5.7462e-03 2.7337e-05 0.0119 0.0006 N1 M
124543 3.5441e-04 2.5060e-06 -1.5344e-03 3.7248e-06 0.1401 0.0009 S1 H
124543 -4.6972e-05 3.5148e-06 8.1039e-05 5.7806e-06 0.1047 0.0010  C H
124543 -3.1321e-04 6.3478e-06 1.3889e-03 6.5050e-06 0.0560 0.0006  N H
124543 1.6518e-04 8.6615e-06 -7.3059e-04 1.6867e-05 0.0494 0.0010  S M
124543 -1.4481e-03 2.0507e-05 6.1156e-03 2.1208e-05 0.0162 0.0006 N1 M
124743 5.8755e-04 2.8218e-06 -1.7606e-03 4.3438e-06 0.1322 0.0009 S1 H
124743 1.9522e-04 3.7118e-06 -1.1223e-04 5.3009e-06 0.0978 0.0009  C H
124743 -7.1983e-05 5.7769e-06 1.2541e-03 6.0638e-06 0.0603 0.0006  N H
124743 3.3063e-04 1.0111e-05 -9.0652e-04 1.9038e-05 0.0399 0.0010  S M
124743 -1.0725e-03 2.7185e-05 5.9067e-03 2.9635e-05 0.0119 0.0006 N1 M
124943 6.7978e-04 2.5505e-06 -5.2967e-04 3.6371e-06 0.1449 0.0008 S1 H
124943 2.4652e-04 3.9941e-06 1.1919e-03 5.5845e-06 0.0875 0.0008  C H
124943 -2.5087e-05 7.2156e-06 2.5611e-03 7.6566e-06 0.0478 0.0006  N H
124943 3.7073e-04 1.1696e-05 3.9773e-04 1.9455e-05 0.0339 0.0009  S M
124943 -1.1289e-03 2.6382e-05 7.2004e-03 2.9272e-05 0.0123 0.0006 N1 M
125143 3.6564e-04 2.4175e-06 -1.6390e-03 3.0862e-06 0.1540 0.0007 S1 H
125143 -8.3603e-05 4.3832e-06 1.2552e-04 5.5849e-06 0.0803 0.0008  C H
125143 -3.6154e-04 8.0580e-06 1.5098e-03 8.2356e-06 0.0435 0.0006  N H
125143 2.8966e-05 1.3829e-05 -6.6590e-04 1.9870e-05 0.0285 0.0008  S M
125143 -1.5241e-03 2.7029e-05 6.1492e-03 2.8870e-05 0.0122 0.0006 N1 M
125343 5.6265e-04 2.3523e-06 -1.8803e-03 2.7303e-06 0.1522 0.0006 S1 H
125343 -2.0162e-04 7.1289e-06 1.3639e-03 7.2800e-06 0.0477 0.0006  N H
125343 9.8038e-05 4.4882e-06 -2.4685e-05 5.3796e-06 0.0753 0.0007  C H
125343 1.6988e-04 1.4886e-05 -8.0220e-04 1.8407e-05 0.0251 0.0007  S M
125343 -1.3856e-03 1.7196e-05 5.9826e-03 1.8738e-05 0.0182 0.0006 N1 M
125713 5.6413e-04 2.4948e-06 -1.9858e-03 2.2446e-06 0.1494 0.0006 S1 H
125713 -8.5830e-05 9.2115e-06 3.4054e-04 1.3802e-05 0.0478 0.0012  C L
125713 -4.1646e-04 7.9695e-06 1.4498e-03 8.6494e-06 0.0452 0.0006  N H
125713 1.2767e-04 7.8507e-06 -3.2936e-04 1.2494e-05 0.0482 0.0012  S L
125713 -1.7232e-03 2.3115e-05 6.1010e-03 2.4097e-05 0.0142 0.0006 N1 M
125913 4.0358e-04 2.3697e-06 -1.8191e-03 2.2604e-06 0.1636 0.0007 S1 H
125913 -5.6168e-05 1.0403e-05 -2.0467e-04 1.4583e-05 0.0374 0.0011 S M
125913 -6.7940e-04 1.1055e-05 1.7867e-03 1.1272e-05 0.0357 0.0006  N H
125913 -2.4354e-04 1.3549e-05 4.9328e-04 1.7606e-05 0.0339 0.0010  C M
125913 -1.4024e-03 2.5748e-05 6.3601e-03 2.7855e-05 0.0135 0.0007 N1 M
130113 6.6582e-04 2.2681e-06 -2.3041e-03 2.2117e-06 0.1593 0.0006 S1 H
130113 3.8942e-05 8.8103e-06 7.5642e-05 1.0054e-05 0.0499 0.0008  C H
130113 2.7026e-04 1.0389e-05 -7.2776e-04 1.2694e-05 0.0351 0.0008  S M
130113 -4.2250e-04 1.0093e-05 1.3319e-03 9.9610e-06 0.0372 0.0006 N6 D
130113 -1.2548e-03 2.4980e-05 6.1245e-03 2.7013e-05 0.0133 0.0006 N1 M
130313 4.8525e-04 2.4106e-06 -1.9691e-03 2.2832e-06 0.1581 0.0006 S1 H
130313 -1.3831e-04 8.6253e-06 4.6542e-04 8.6215e-06 0.0558 0.0008  C H
130313 -3.7343e-05 1.1563e-05 -2.5501e-04 1.1639e-05 0.0336 0.0008 S4 M
130313 -5.9397e-04 1.3473e-05 1.6528e-03 1.4004e-05 0.0320 0.0007 N6 D
130313 -1.5664e-03 2.0128e-05 6.5206e-03 2.1231e-05 0.0171 0.0006 N1 M
130313 -2.7479e-04 2.6723e-05 2.1800e-03 2.6592e-05 0.0141 0.0008 N2 D
130513 5.4921e-04 2.5396e-06 -2.1166e-03 2.4368e-06 0.1533 0.0007 S1 H
130513 -3.7909e-05 8.3494e-06 3.4047e-04 7.9636e-06 0.0626 0.0008  C H
130513 -5.0225e-04 1.5715e-05 1.4860e-03 1.5969e-05 0.0295 0.0007 N6 D
130513 9.0408e-05 1.2933e-05 -4.3002e-04 1.2459e-05 0.0310 0.0008 S4 H
130513 -1.4156e-04 2.7067e-05 1.9742e-03 2.6234e-05 0.0148 0.0008 N2 D
130513 -1.4888e-03 2.2876e-05 6.3911e-03 2.3704e-05 0.0156 0.0006 N1 M
130713 5.0045e-04 2.4865e-06 -2.1312e-03 2.4634e-06 0.1516 0.0007 S1 H
130713 -1.0307e-04 7.1402e-06 3.7013e-04 7.0000e-06 0.0706 0.0008  C H
130713 -5.2102e-04 1.4403e-05 1.4124e-03 1.5009e-05 0.0313 0.0007 N6 D
130713 -4.5560e-05 1.1405e-05 -3.3769e-04 1.0668e-05 0.0344 0.0008 S4 H
130713 -2.1027e-04 1.7759e-05 1.9428e-03 1.7506e-05 0.0218 0.0008 N2 D
130713 -1.5539e-03 2.0613e-05 6.4066e-03 2.1167e-05 0.0175 0.0006 N1 M
130913 6.1834e-04 2.8875e-06 -2.3620e-03 2.6288e-06 0.1473 0.0007 S1 H
130913 -6.6716e-06 7.2511e-06 2.1191e-04 6.7045e-06 0.0822 0.0008  C H
130913 1.3800e-04 1.4719e-05 -6.3358e-04 1.2510e-05 0.0308 0.0008 S4 H
130913 -4.8737e-04 1.6982e-05 1.2453e-03 1.7465e-05 0.0301 0.0008 N6 D
130913 -1.4472e-03 2.5422e-05 6.1882e-03 2.4838e-05 0.0153 0.0007 N1 M
130913 -1.1913e-04 2.4659e-05 1.7302e-03 2.4047e-05 0.0172 0.0009 N2 D
131113 5.0103e-04 2.6875e-06 -2.2304e-03 2.7334e-06 0.1372 0.0007 S1 H
131113 -7.3079e-05 4.9466e-06 3.4484e-04 5.2488e-06 0.0952 0.0008  C H
131113 -4.3654e-04 1.5869e-05 1.2228e-03 1.7579e-05 0.0273 0.0008 N6 D
131113 -3.1051e-04 1.4573e-05 1.9307e-03 1.5451e-05 0.0257 0.0008 N2 D
131113 2.4346e-05 1.7667e-05 -4.7693e-04 1.6117e-05 0.0226 0.0008 S4 H
131113 -1.5481e-03 2.6062e-05 6.3375e-03 2.6273e-05 0.0142 0.0007 N1 M
131313 4.6128e-05 4.3098e-06 1.5689e-04 4.9923e-06 0.1177 0.0010  C H
131313 5.9778e-04 3.0571e-06 -2.4384e-03 2.9854e-06 0.1323 0.0007 S1 H
131313 -2.4631e-04 1.5258e-05 8.6551e-04 1.8873e-05 0.0305 0.0010 N6 D
131313 -2.1805e-04 1.4562e-05 1.7039e-03 1.4748e-05 0.0286 0.0008 N2 D
131313 1.4993e-04 2.1344e-05 -7.1503e-04 1.7557e-05 0.0216 0.0008 S4 H
131313 -1.4563e-03 2.9477e-05 6.1262e-03 2.9236e-05 0.0134 0.0007 N1 M
131643 2.3382e-05 4.0989e-06 1.6944e-04 5.9188e-06 0.1439 0.0021  C H
131643 5.7690e-04 3.3718e-06 -2.4640e-03 3.1877e-06 0.1198 0.0007 S1 H
131643 -2.0824e-04 1.3176e-05 7.1228e-04 2.0890e-05 0.0414 0.0020 N6 D
131643 -3.1748e-04 1.6690e-05 1.7508e-03 1.5240e-05 0.0271 0.0008 N2 D
131643 2.4612e-04 2.7375e-05 -8.4525e-04 2.2405e-05 0.0174 0.0008 S4 H
131643 -1.3741e-03 3.1239e-05 6.1361e-03 3.0960e-05 0.0123 0.0007 N1 M
131843 9.1741e-05 2.2358e-06 1.0975e-04 1.9445e-06 0.1903 0.0007  C H
131843 6.9493e-04 3.9878e-06 -2.6619e-03 3.6064e-06 0.1063 0.0007 S1 H
131843 -7.4152e-05 1.4188e-05 1.4425e-03 1.2504e-05 0.0297 0.0007 N6 D
131843 1.4009e-04 2.3452e-05 -1.0094e-03 1.8781e-05 0.0195 0.0007 S4 H
131843 -1.6304e-03 3.5689e-05 5.8506e-03 3.3054e-05 0.0113 0.0007 N1 L
132043 3.2282e-05 1.8799e-06 1.1251e-04 1.6142e-06 0.2272 0.0007  C H
132043 6.5052e-04 4.5165e-06 -2.7011e-03 4.0076e-06 0.0949 0.0007 S1 H
132043 -1.6328e-04 1.5225e-05 1.4476e-03 1.3100e-05 0.0280 0.0007 N6 D
132043 6.0390e-05 2.2395e-05 -1.0187e-03 1.7689e-05 0.0204 0.0007 S4 H
132043 -1.7622e-03 3.8829e-05 5.8258e-03 3.5375e-05 0.0105 0.0007 N1 L
132243 7.9401e-05 1.7825e-06 1.1902e-04 1.5278e-06 0.2541 0.0007  C B
132243 6.9677e-04 5.2996e-06 -2.7287e-03 4.6597e-06 0.0836 0.0007 S1 H
132243 -8.5628e-05 1.5248e-05 1.3887e-03 1.2893e-05 0.0302 0.0007 N6 D
132243 -4.9481e-05 2.2788e-05 -9.2304e-04 1.7627e-05 0.0216 0.0007 S4 H
132243 -1.7631e-03 4.0651e-05 5.7674e-03 3.6923e-05 0.0104 0.0007 N1 L
132443 -3.8461e-05 4.2921e-06 2.8763e-04 6.3519e-06 0.2631 0.0056  C B
132443 6.3740e-04 4.9745e-06 -2.6679e-03 4.5971e-06 0.0798 0.0007 S1 H
132443 -5.5192e-04 1.7466e-05 1.6967e-03 1.3205e-05 0.0261 0.0007 N6 D
132443 2.5837e-04 1.8293e-05 -1.7770e-04 2.6667e-05 0.0617 0.0056 S2 L
132443 -1.4844e-03 2.3022e-05 6.3594e-03 1.9647e-05 0.0164 0.0007 N1 L
132643 -1.0687e-04 2.2831e-06 3.5400e-04 3.1707e-06 0.3245 0.0021  C M
132643 5.3907e-04 5.8440e-06 -2.6124e-03 5.1358e-06 0.0701 0.0007 S1 H
132643 -4.9442e-04 2.4803e-05 1.5938e-03 1.8268e-05 0.0214 0.0007 N6 D
132643 2.1794e-04 1.6358e-05 -2.2695e-04 2.4430e-05 0.0376 0.0023 S2 L
132643 -4.0162e-04 2.6584e-05 2.5865e-03 2.1548e-05 0.0167 0.0007 N3 M
132643 -1.7756e-03 3.2738e-05 6.6416e-03 2.8285e-05 0.0122 0.0007 N1 L
132843 -1.9581e-04 2.4881e-06 4.7223e-04 3.6060e-06 0.3517 0.0032  C M
132843 4.7535e-04 6.8257e-06 -2.5211e-03 5.8563e-06 0.0611 0.0007 S1 H
132843 -6.7642e-04 2.7439e-05 1.7680e-03 1.9408e-05 0.0198 0.0007 N6 D
132843 1.1741e-04 1.5457e-05 -5.7490e-05 2.3807e-05 0.0503 0.0033 S2 L
132843 -3.8985e-04 2.8057e-05 2.7438e-03 2.0010e-05 0.0180 0.0007 N3 M
132843 -1.8830e-03 3.3633e-05 6.6826e-03 2.7088e-05 0.0122 0.0007 N1 L
133043 -4.0528e-05 2.2197e-06 2.7270e-04 2.7974e-06 0.3940 0.0017  C M
133043 6.1828e-04 8.3849e-06 -2.7344e-03 7.0063e-06 0.0544 0.0007 S1 H
133043 3.3077e-04 1.7596e-05 -3.5419e-04 2.4662e-05 0.0392 0.0021 S2 L
133043 -3.6552e-04 2.5296e-05 1.5232e-03 1.6132e-05 0.0236 0.0009 N6 D
133043 -3.0267e-04 2.2117e-05 2.4863e-03 1.7349e-05 0.0222 0.0009 N3 M
133043 -1.7608e-03 4.0522e-05 6.6618e-03 3.5443e-05 0.0104 0.0007 N1 L
133243 -4.1934e-04 3.5582e-06 -6.9936e-04 5.2651e-06 0.3743 0.0082  C M
133243 2.8016e-04 9.6585e-06 -3.7622e-03 8.0430e-06 0.0448 0.0007 S1 H
133243 -5.4182e-04 2.2349e-05 1.6108e-03 1.5774e-05 0.0246 0.0007 N3 H
133243 -8.8835e-04 2.9758e-05 5.4951e-04 1.9550e-05 0.0189 0.0007 N6 D
133243 -1.7719e-04 1.4348e-05 -1.0958e-03 2.1686e-05 0.0929 0.0082 S2 L
133243 -2.1201e-03 3.4705e-05 5.5246e-03 2.7841e-05 0.0121 0.0007 N1 L
133611 -1.3595e-04 5.2316e-06 4.0942e-04 7.8775e-06 0.3511 0.0159  C M
133611 -1.8957e-04 1.8555e-05 2.7388e-03 1.3456e-05 0.0280 0.0007 N3 H
133611 6.3461e-04 1.4700e-05 -2.7216e-03 1.1887e-05 0.0285 0.0007 S1 H
133611 -6.4547e-04 3.1617e-05 1.6570e-03 2.0351e-05 0.0167 0.0007 N6 D
133611 5.8642e-05 1.1698e-05 9.5547e-05 1.7749e-05 0.1623 0.0158 S2 M
133611 -1.8768e-03 4.0466e-05 6.6423e-03 3.2234e-05 0.0101 0.0007 N1 L
133811 1.6348e-04 5.2344e-06 -5.1807e-05 8.3519e-06 0.3315 0.0170 S2 H
133811 -5.2584e-05 1.3971e-05 2.5672e-03 1.0373e-05 0.0347 0.0007 N3 H
133811 -1.7224e-06 8.1030e-06 2.3174e-04 1.2961e-05 0.2047 0.0171  C H
134011 1.1874e-04 5.1218e-06 2.1551e-05 7.6896e-06 0.3533 0.0164 S2 H
134011 -1.3208e-04 1.2770e-05 2.6909e-03 9.4768e-06 0.0376 0.0007 N3 H
134011 -6.3479e-05 8.2493e-06 3.1323e-04 1.2343e-05 0.2144 0.0164  C H
134211 -6.4251e-05 8.8047e-06 2.4734e-04 1.2349e-05 0.1983 0.0136  C H
134211 -9.5687e-05 1.1563e-05 2.6089e-03 8.6052e-06 0.0420 0.0007 N3 H
134211 1.4954e-04 4.3927e-06 -7.2109e-05 6.1749e-06 0.4018 0.0135 S2 H
134411 1.9343e-04 4.1244e-06 -1.0176e-04 6.1443e-06 0.4024 0.0142 S2 H
134411 -2.9405e-06 1.0824e-05 2.6111e-03 7.9644e-06 0.0482 0.0008 N3 H
134411 -6.4485e-07 7.8767e-06 2.0734e-04 1.1496e-05 0.2180 0.0141  C H
134611 7.2946e-05 3.8375e-06 -6.6262e-05 6.0129e-06 0.3780 0.0130 S2 H
134611 -1.3197e-04 8.9199e-06 2.7036e-03 6.7070e-06 0.0553 0.0008 N3 H
134611 -1.1317e-04 5.6686e-06 2.4472e-04 8.5514e-06 0.2684 0.0129  C H
134811 2.1316e-04 3.4795e-06 -2.0411e-04 5.6341e-06 0.3668 0.0111 S2 H
134811 1.8595e-05 8.2728e-06 2.6189e-03 6.3511e-06 0.0599 0.0008 N3 H
134811 2.5060e-05 4.4716e-06 1.1998e-04 6.8629e-06 0.2995 0.0110  C H
135013 -4.1572e-04 3.1981e-06 -8.8846e-04 5.1974e-06 0.3126 0.0078 S2 H
135013 -6.1269e-04 7.1308e-06 2.0392e-03 5.6342e-06 0.0684 0.0008 N3 H
135013 -6.0499e-04 2.8530e-06 -5.4484e-04 4.3917e-06 0.3602 0.0078  C H
135211 1.8122e-04 2.7084e-06 -1.9161e-04 4.2750e-06 0.3190 0.0060 S2 H
135211 -1.5702e-05 7.0187e-06 2.7752e-03 5.6644e-06 0.0711 0.0008 N3 H
135211 -8.0140e-06 2.5190e-06 1.6947e-04 3.7798e-06 0.3569 0.0060  C H
135541 6.6619e-05 2.1490e-06 -1.1027e-03 3.1007e-06 0.3362 0.0043 S2 H
135541 -1.1882e-04 7.7996e-06 1.9333e-03 6.2997e-06 0.0632 0.0008 N3 H
135541 -1.3835e-04 2.3191e-06 -7.1236e-04 3.1693e-06 0.3565 0.0043  C H
135741 1.8497e-04 1.8840e-06 -1.2467e-03 2.6605e-06 0.3621 0.0039 S2 H
135741 1.6638e-05 8.2176e-06 1.8119e-03 6.6673e-06 0.0596 0.0008 N3 H
135741 -2.5285e-05 2.4102e-06 -8.4403e-04 3.1842e-06 0.3386 0.0038  C H
135941 -4.2378e-05 1.6429e-06 -1.0520e-03 2.2947e-06 0.3936 0.0036 S2 H
135941 -2.5152e-04 2.4512e-06 -6.3970e-04 3.1706e-06 0.3251 0.0035  C H
135941 -1.9176e-04 8.7233e-06 2.0292e-03 7.0773e-06 0.0561 0.0008 N3 H
140141 1.7234e-04 1.5219e-06 -1.2522e-03 2.1084e-06 0.4090 0.0033 S2 H
140141 -4.1452e-05 2.5039e-06 -8.2518e-04 3.1822e-06 0.3104 0.0032  C B
140141 4.5020e-05 9.8123e-06 1.8589e-03 8.0031e-06 0.0500 0.0008 N3 H
140341 1.9076e-04 1.7754e-06 -1.3302e-03 2.9897e-06 0.3880 0.0048 S2 H
140341 -6.9622e-06 2.8817e-06 -9.0902e-04 4.8391e-06 0.3257 0.0042  C H
140341 -4.9860e-05 1.2262e-05 1.8461e-03 9.0242e-06 0.0429 0.0008 N3 H
140341 -2.6645e-04 2.2797e-05 -2.2869e-04 1.8861e-05 0.0264 0.0011 N4 D
140541 1.1594e-04 1.5418e-06 -1.2831e-03 2.3340e-06 0.4136 0.0035 S2 H
140541 -9.1986e-05 2.5503e-06 -8.3754e-04 4.0274e-06 0.3078 0.0032  C H
140541 -1.5210e-04 1.4470e-05 1.9399e-03 1.0524e-05 0.0366 0.0008 N3 H
140541 -3.7866e-04 2.1914e-05 -1.2590e-04 1.6915e-05 0.0274 0.0010 N4 G
140741 8.2884e-05 1.4595e-06 -1.2866e-03 2.0867e-06 0.4343 0.0031 S2 H
140741 -1.2927e-04 2.3423e-06 -8.2925e-04 3.9315e-06 0.3035 0.0027  C H
140741 -1.8459e-04 1.5385e-05 2.0013e-03 1.0899e-05 0.0341 0.0008 N3 H
140741 -3.9785e-04 2.0379e-05 -1.5100e-04 1.7021e-05 0.0292 0.0011 N4 D
140941 8.3695e-05 1.4051e-06 -1.3231e-03 2.0109e-06 0.4432 0.0031 S2 H
140941 -1.1311e-04 2.3849e-06 -8.6558e-04 4.1162e-06 0.3208 0.0026  C H
140941 -4.6612e-04 1.2825e-05 -1.6980e-04 1.1427e-05 0.0491 0.0012 N4 D
140941 -1.5007e-04 2.8989e-05 2.0989e-03 2.0228e-05 0.0185 0.0008 N3 H
141141 2.4236e-04 1.3873e-06 -1.4544e-03 2.0090e-06 0.4552 0.0032 S2 H
141141 3.8414e-05 2.7407e-06 -9.9070e-04 4.6399e-06 0.3069 0.0025  C H
141141 -2.9181e-04 1.2424e-05 -3.4260e-04 1.1834e-05 0.0535 0.0014 N4 D
141141 -1.6909e-05 2.8838e-05 2.0679e-03 2.0634e-05 0.0183 0.0008 N3 H
141501 3.9337e-04 7.5314e-06 -1.7235e-03 1.0888e-05 0.2804 0.0170 S2 H
141501 1.8100e-04 7.7209e-06 -1.3646e-03 1.5819e-05 0.3421 0.0112  C H
141501 4.5988e-05 5.4976e-06 -9.0598e-04 1.0382e-05 0.1583 0.0062 N4 B
141501 -5.3805e-04 1.7650e-05 -2.9464e-05 1.4118e-05 0.0361 0.0008 N5 H
141711 -1.9230e-04 5.8129e-06 -2.4247e-03 8.8586e-06 0.3390 0.0161 S2 M
141711 -4.0064e-04 9.9146e-06 -2.0463e-03 2.1889e-05 0.2733 0.0080  C H
141711 -5.4781e-04 7.8184e-06 -1.5941e-03 1.7585e-05 0.1334 0.0081 N4 M
141711 -1.0249e-03 3.0310e-05 -8.0507e-04 2.8391e-05 0.0233 0.0011 N5 M
141921 2.8123e-04 3.1443e-06 -1.6105e-03 4.4036e-06 0.3460 0.0062 S2 H
141921 5.1518e-05 4.2098e-06 -1.1869e-03 9.2559e-06 0.2659 0.0038  C H
141921 -7.2904e-05 6.0950e-06 -7.0035e-04 7.7081e-06 0.1231 0.0029 N4 M
141921 -6.4248e-04 1.6749e-05 2.0035e-04 1.1061e-05 0.0371 0.0008 N5 M
142131 2.3055e-04 3.1791e-06 -1.5972e-03 4.5305e-06 0.3125 0.0058 S2 H
142131 1.5272e-05 4.0434e-06 -1.1828e-03 8.6673e-06 0.2523 0.0040  C H
142131 -1.4353e-04 5.7689e-06 -6.6359e-04 6.6856e-06 0.1270 0.0023 N4 M
142131 -7.0711e-04 2.0672e-05 2.2700e-04 1.3353e-05 0.0298 0.0008 N5 M
142341 7.3082e-04 2.8861e-06 -7.8473e-04 3.7563e-06 0.3003 0.0040 S2 H
142341 5.0660e-04 3.5631e-06 -3.4419e-04 7.4710e-06 0.2184 0.0028  C H
142341 3.7529e-04 6.3347e-06 1.7847e-04 6.1158e-06 0.1160 0.0018 N4 M
142341 -1.8230e-04 1.9094e-05 1.0703e-03 1.1494e-05 0.0333 0.0008 N5 M
142551 2.6893e-04 4.0098e-06 -1.7347e-03 5.1660e-06 0.2708 0.0047 S2 H
142551 4.0098e-05 4.9698e-06 -1.2925e-03 9.3906e-06 0.2075 0.0036  C H
142551 -1.4625e-04 8.6040e-06 -7.3793e-04 7.3839e-06 0.1149 0.0020 N4 M
142551 -7.9547e-04 3.2675e-05 1.8196e-04 1.8717e-05 0.0262 0.0010 N5 M